0.01
0.01
0.010002
0.010004
0.010005
0.010007
0.010008
0.010009
0.01001
0.010011
0.010012
0.010012
0.010013
0.010014
0.010014
0.010015
0.010015
0.010016
0.010016
0.010017
0.010017
0.010017
0.010017
0.010018
0.010018
0.010018
0.010018
0.010019
0.010019
0.010019
0.010019
0.010019
0.01002
0.01002
0.01002
0.01002
0.01002
0.01002
0.010021
0.010021
0.010021
0.010021
0.010021
0.010021
0.010021
0.010022
0.010022
0.010022
0.010022
0.010022
0.010022
0.010022
0.010023
0.010023
0.010023
0.010023
0.010023
0.010023
0.010023
0.010023
0.010024
0.010024
0.010024
0.010024
0.010024
0.010024
0.010024
0.010025
0.010025
0.010025
0.010025
0.010025
0.010025
0.010025
0.010026
0.010026
0.010026
0.010026
0.010026
0.010026
0.010027
0.010027
0.010027
0.010027
0.010027
0.010027
0.010027
0.010028
0.010028
0.010028
0.010028
0.010028
0.010028
0.010029
0.010029
0.010029
0.010029
0.010029
0.010029
0.01003
0.01003
0.01003
0.01003
0.01003
0.01003
0.010031
0.010031
0.010031
0.010031
0.010031
0.010032
0.010032
0.010032
0.010032
0.010032
0.010032
0.010033
0.010033
0.010033
0.010033
0.010033
0.010034
0.010034
0.010034
0.010034
0.010034
0.010035
0.010035
0.010035
0.010035
0.010035
0.010036
0.010036
0.010036
0.010036
0.010036
0.010037
0.010037
0.010037
0.010037
0.010038
0.010038
0.010038
0.010038
0.010038
0.010039
0.010039
0.010039
0.010039
0.01004
0.01004
0.01004
0.01004
0.01004
0.010041
0.010041
0.010041
0.010041
0.010042
0.010042
0.010042
0.010042
0.010043
0.010043
0.010043
0.010043
0.010044
0.010044
0.010044
0.010044
0.010045
0.010045
0.010045
0.010045
0.010046
0.010046
0.010046
0.010046
0.010047
0.010047
0.010047
0.010048
0.010048
0.010048
0.010048
0.010049
0.010049
0.010049
0.010049
0.01005
0.01005
0.01005
0.010051
0.010051
0.010051
0.010052
0.010052
0.010052
0.010052
0.010053
0.010053
0.010053
0.010054
0.010054
0.010054
0.010055
0.010055
0.010055
0.010056
0.010056
0.010056
0.010056
0.010057
0.010057
0.010057
0.010058
0.010058
0.010058
0.010059
0.010059
0.010059
0.01006
0.01006
0.010061
0.010061
0.010061
0.010062
0.010062
0.010062
0.010063
0.010063
0.010063
0.010064
0.010064
0.010064
0.010065
0.010065
0.010066
0.010066
0.010066
0.010067
0.010067
0.010068
0.010068
0.010068
0.010069
0.010069
0.010069
0.01007
0.01007
0.010071
0.010071
0.010072
0.010072
0.010072
0.010073
0.010073
0.010074
0.010074
0.010074
0.010075
0.010075
0.010076
0.010076
0.010077
0.010077
0.010078
0.010078
0.010078
0.010079
0.010079
0.01008
0.01008
0.010081
0.010081
0.010082
0.010082
0.010083
0.010083
0.010084
0.010084
0.010085
0.010085
0.010086
0.010086
0.010087
0.010087
0.010088
0.010088
0.010089
0.010089
0.01009
0.01009
0.010091
0.010091
0.010092
0.010092
0.010093
0.010093
0.010094
0.010094
0.010095
0.010095
0.010096
0.010097
0.010097
0.010098
0.010098
0.010099
0.010099
0.0101
0.0101
0.010101
0.010102
0.010102
0.010103
0.010103
0.010104
0.010105
0.010105
0.010106
0.010106
0.010107
0.010108
0.010108
0.010109
0.01011
0.01011
0.010111
0.010111
0.010112
0.010113
0.010113
0.010114
0.010115
0.010115
0.010116
0.010117
0.010117
0.010118
0.010119
0.010119
0.01012
0.010121
0.010122
0.010122
0.010123
0.010124
0.010124
0.010125
0.010126
0.010127
0.010127
0.010128
0.010129
0.010129
0.01013
0.010131
0.010132
0.010133
0.010133
0.010134
0.010135
0.010136
0.010136
0.010137
0.010138
0.010139
0.01014
0.01014
0.010141
0.010142
0.010143
0.010144
0.010144
0.010145
0.010146
0.010147
0.010148
0.010149
0.01015
0.01015
0.010151
0.010152
0.010153
0.010154
0.010155
0.010156
0.010157
0.010158
0.010158
0.010159
0.01016
0.010161
0.010162
0.010163
0.010164
0.010165
0.010166
0.010167
0.010168
0.010169
0.01017
0.010171
0.010172
0.010173
0.010174
0.010175
0.010176
0.010177
0.010178
0.010179
0.01018
0.010181
0.010182
0.010183
0.010184
0.010185
0.010186
0.010187
0.010188
0.010189
0.010191
0.010192
0.010193
0.010194
0.010195
0.010196
0.010197
0.010198
0.0102
0.010201
0.010202
0.010203
0.010204
0.010205
0.010207
0.010208
0.010209
0.01021
0.010211
0.010213
0.010214
0.010215
0.010216
0.010218
0.010219
0.01022
0.010221
0.010223
0.010224
0.010225
0.010226
0.010228
0.010229
0.01023
0.010232
0.010233
0.010234
0.010236
0.010237
0.010239
0.01024
0.010241
0.010243
0.010244
0.010246
0.010247
0.010248
0.01025
0.010251
0.010253
0.010254
0.010256
0.010257
0.010259
0.01026
0.010262
0.010263
0.010265
0.010266
0.010268
0.010269
0.010271
0.010272
0.010274
0.010275
0.010277
0.010279
0.01028
0.010282
0.010284
0.010285
0.010287
0.010288
0.01029
0.010292
0.010294
0.010295
0.010297
0.010299
0.0103
0.010302
0.010304
0.010306
0.010307
0.010309
0.010311
0.010313
0.010315
0.010316
0.010318
0.01032
0.010322
0.010324
0.010326
0.010327
0.010329
0.010331
0.010333
0.010335
0.010337
0.010339
0.010341
0.010343
0.010345
0.010347
0.010349
0.010351
0.010353
0.010355
0.010357
0.010359
0.010361
0.010363
0.010365
0.010368
0.01037
0.010372
0.010374
0.010376
0.010378
0.01038
0.010383
0.010385
0.010387
0.010389
0.010392
0.010394
0.010396
0.010398
0.010401
0.010403
0.010405
0.010408
0.01041
0.010412
0.010415
0.010417
0.01042
0.010422
0.010424
0.010427
0.010429
0.010432
0.010434
0.010437
0.010439
0.010442
0.010444
0.010447
0.01045
0.010452
0.010455
0.010457
0.01046
0.010463
0.010465
0.010468
0.010471
0.010474
0.010476
0.010479
0.010482
0.010485
0.010487
0.01049
0.010493
0.010496
0.010499
0.010502
0.010505
0.010507
0.01051
0.010513
0.010516
0.010519
0.010522
0.010525
0.010528
0.010531
0.010534
0.010538
0.010541
0.010544
0.010547
0.01055
0.010553
0.010556
0.01056
0.010563
0.010566
0.010569
0.010573
0.010576
0.010579
0.010583
0.010586
0.010589
0.010593
0.010596
0.0106
0.010603
0.010607
0.01061
0.010614
0.010617
0.010621
0.010624
0.010628
0.010632
0.010635
0.010639
0.010643
0.010646
0.01065
0.010654
0.010658
0.010662
0.010665
0.010669
0.010673
0.010677
0.010681
0.010685
0.010689
0.010693
0.010697
0.010701
0.010705
0.010709
0.010713
0.010717
0.010721
0.010725
0.01073
0.010734
0.010738
0.010742
0.010747
0.010751
0.010755
0.01076
0.010764
0.010768
0.010773
0.010777
0.010782
0.010786
0.010791
0.010795
0.0108
0.010805
0.010809
0.010814
0.010819
0.010823
0.010828
0.010833
0.010838
0.010843
0.010848
0.010852
0.010857
0.010862
0.010867
0.010872
0.010877
0.010882
0.010888
0.010893
0.010898
0.010903
0.010908
0.010913
0.010919
0.010924
0.010929
0.010935
0.01094
0.010946
0.010951
0.010957
0.010962
0.010968
0.010973
0.010979
0.010985
0.01099
0.010996
0.011002
0.011007
0.011013
0.011019
0.011025
0.011031
0.011037
0.011043
0.011049
0.011055
0.011061
0.011067
0.011073
0.01108
0.011086
0.011092
0.011098
0.011105
0.011111
0.011118
0.011124
0.011131
0.011137
0.011144
0.01115
0.011157
0.011164
0.01117
0.011177
0.011184
0.011191
0.011198
0.011205
0.011212
0.011219
0.011226
0.011233
0.01124
0.011247
0.011254
0.011261
0.011269
0.011276
0.011283
0.011291
0.011298
0.011306
0.011313
0.011321
0.011329
0.011336
0.011344
0.011352
0.011359
0.011367
0.011375
0.011383
0.011391
0.011399
0.011407
0.011415
0.011424
0.011432
0.01144
0.011448
0.011457
0.011465
0.011474
0.011482
0.011491
0.011499
0.011508
0.011517
0.011526
0.011534
0.011543
0.011552
0.011561
0.01157
0.011579
0.011588
0.011598
0.011607
0.011616
0.011625
0.011635
0.011644
0.011654
0.011663
0.011673
0.011683
0.011692
0.011702
0.011712
0.011722
0.011732
0.011742
0.011752
0.011762
0.011772
0.011782
0.011793
0.011803
0.011813
0.011824
0.011835
0.011845
0.011856
0.011867
0.011877
0.011888
0.011899
0.01191
0.011921
0.011932
0.011943
0.011955
0.011966
0.011977
0.011989
0.012
0.012012
0.012023
0.012035
0.012047
0.012059
0.012071
0.012082
0.012095
0.012107
0.012119
0.012131
0.012143
0.012156
0.012168
0.012181
0.012193
0.012206
0.012219
0.012232
0.012244
0.012257
0.01227
0.012284
0.012297
0.01231
0.012323
0.012337
0.01235
0.012364
0.012378
0.012391
0.012405
0.012419
0.012433
0.012447
0.012461
0.012475
0.01249
0.012504
0.012519
0.012533
0.012548
0.012563
0.012577
0.012592
0.012607
0.012622
0.012637
0.012653
0.012668
0.012683
0.012699
0.012715
0.01273
0.012746
0.012762
0.012778
0.012794
0.01281
0.012826
0.012843
0.012859
0.012876
0.012892
0.012909
0.012926
0.012943
0.01296
0.012977
0.012994
0.013011
0.013029
0.013046
0.013064
0.013082
0.013099
0.013117
0.013135
0.013153
0.013172
0.01319
0.013208
0.013227
0.013246
0.013264
0.013283
0.013302
0.013321
0.01334
0.01336
0.013379
0.013399
0.013418
0.013438
0.013458
0.013478
0.013498
0.013518
0.013539
0.013559
0.01358
0.0136
0.013621
0.013642
0.013663
0.013684
0.013706
0.013727
0.013749
0.01377
0.013792
0.013814
0.013836
0.013858
0.01388
0.013903
0.013925
0.013948
0.013971
0.013994
0.014017
0.01404
0.014063
0.014087
0.014111
0.014134
0.014158
0.014182
0.014206
0.014231
0.014255
0.01428
0.014305
0.014329
0.014354
0.01438
0.014405
0.01443
0.014456
0.014482
0.014508
0.014534
0.01456
0.014586
0.014613
0.014639
0.014666
0.014693
0.01472
0.014748
0.014775
0.014803
0.01483
0.014858
0.014886
0.014915
0.014943
0.014972
0.015
0.015029
0.015058
0.015087
0.015117
0.015146
0.015176
0.015206
0.015236
0.015266
0.015297
0.015328
0.015358
0.015389
0.01542
0.015452
0.015483
0.015515
0.015547
0.015579
0.015611
0.015644
0.015676
0.015709
0.015742
0.015775
0.015809
0.015842
0.015876
0.01591
0.015944
0.015978
0.016013
0.016048
0.016083
0.016118
0.016153
0.016189
0.016224
0.01626
0.016297
0.016333
0.01637
0.016406
0.016443
0.016481
0.016518
0.016556
0.016594
0.016632
0.01667
0.016709
0.016747
0.016786
0.016826
0.016865
0.016905
0.016945
0.016985
0.017025
0.017066
0.017107
0.017148
0.017189
0.017231
0.017272
0.017314
0.017357
0.017399
0.017442
0.017485
0.017528
0.017572
0.017615
0.017659
0.017704
0.017748
0.017793
0.017838
0.017883
0.017929
0.017975
0.018021
0.018067
0.018114
0.018161
0.018208
0.018255
0.018303
0.018351
0.018399
0.018448
0.018497
0.018546
0.018595
0.018645
0.018695
0.018745
0.018796
0.018846
0.018898
0.018949
0.019001
0.019053
0.019105
0.019158
0.019211
0.019264
0.019317
0.019371
0.019425
0.01948
0.019535
0.01959
0.019645
0.019701
0.019757
0.019813
0.01987
0.019927
0.019984
0.020042
0.0201
0.020159
0.020217
0.020276
0.020336
0.020395
0.020456
0.020516
0.020577
0.020638
0.020699
0.020761
0.020823
0.020886
0.020949
0.021012
0.021076
0.02114
0.021204
0.021269
0.021334
0.0214
0.021465
0.021532
0.021598
0.021665
0.021733
0.021801
0.021869
0.021937
0.022006
0.022076
0.022146
0.022216
0.022286
0.022357
0.022429
0.022501
0.022573
0.022645
0.022719
0.022792
0.022866
0.02294
0.023015
0.02309
0.023166
0.023242
0.023319
0.023396
0.023473
0.023551
0.023629
0.023708
0.023787
0.023867
0.023947
0.024028
0.024109
0.02419
0.024272
0.024355
0.024438
0.024521
0.024605
0.024689
0.024774
0.02486
0.024946
0.025032
0.025119
0.025206
0.025294
0.025383
0.025471
0.025561
0.025651
0.025741
0.025832
0.025924
0.026016
0.026108
0.026201
0.026295
0.026389
0.026484
0.026579
0.026675
0.026771
0.026868
0.026966
0.027064
0.027162
0.027262
0.027361
0.027462
0.027563
0.027664
0.027766
0.027869
0.027972
0.028076
0.028181
0.028286
0.028391
0.028498
0.028605
0.028712
0.02882
0.028929
0.029038
0.029148
0.029259
0.02937
0.029482
0.029595
0.029708
0.029822
0.029937
0.030052
0.030168
0.030284
0.030402
0.030519
0.030638
0.030757
0.030877
0.030998
0.031119
0.031241
0.031364
0.031488
0.031612
0.031737
0.031862
0.031989
0.032116
0.032244
0.032372
0.032501
0.032631
0.032762
0.032894
0.033026
0.033159
0.033293
0.033428
0.033563
0.033699
0.033836
0.033974
0.034112
0.034252
0.034392
0.034533
0.034675
0.034817
0.034961
0.035105
0.03525
0.035396
0.035543
0.03569
0.035839
0.035988
0.036138
0.03629
0.036441
0.036594
0.036748
0.036903
0.037058
0.037214
0.037372
0.03753
0.037689
0.037849
0.03801
0.038172
0.038335
0.038498
0.038663
0.038829
0.038995
0.039163
0.039332
0.039501
0.039672
0.039843
0.040015
0.040189
0.040363
0.040539
0.040715
0.040893
0.041071
0.041251
0.041432
0.041613
0.041796
0.04198
0.042165
0.04235
0.042537
0.042725
0.042915
0.043105
0.043296
0.043489
0.043682
0.043877
0.044073
0.04427
0.044468
0.044667
0.044867
0.045069
0.045271
0.045475
0.04568
0.045886
0.046094
0.046302
0.046512
0.046723
0.046935
0.047149
0.047364
0.04758
0.047797
0.048015
0.048235
0.048456
0.048678
0.048902
0.049126
0.049353
0.04958
0.049809
0.050039
0.05027
0.050503
0.050737
0.050973
0.051209
0.051447
0.051687
0.051928
0.05217
0.052414
0.052659
0.052906
0.053154
0.053403
0.053654
0.053906
0.05416
0.054415
0.054672
0.05493
0.05519
0.055451
0.055714
0.055978
0.056243
0.056511
0.056779
0.05705
0.057322
0.057595
0.05787
0.058147
0.058425
0.058705
0.058987
0.05927
0.059554
0.059841
0.060129
0.060419
0.06071
0.061003
0.061298
0.061594
0.061893
0.062192
0.062494
0.062797
0.063103
0.063409
0.063718
0.064029
0.064341
0.064655
0.064971
0.065288
0.065608
0.065929
0.066253
0.066578
0.066905
0.067234
0.067564
0.067897
0.068232
0.068568
0.068907
0.069247
0.06959
0.069934
0.07028
0.070629
0.070979
0.071332
0.071686
0.072043
0.072401
0.072762
0.073124
0.073489
0.073856
0.074225
0.074596
0.07497
0.075345
0.075723
0.076103
0.076485
0.076869
0.077255
0.077644
0.078035
0.078428
0.078824
0.079222
0.079622
0.080024
0.080429
0.080836
0.081245
0.081657
0.082071
0.082488
0.082906
0.083328
0.083752
0.084178
0.084607
0.085038
0.085471
0.085908
0.086346
0.086787
0.087231
0.087678
0.088127
0.088578
0.089032
0.089489
0.089948
0.09041
0.090875
0.091343
0.091813
0.092285
0.092761
0.093239
0.09372
0.094204
0.094691
0.09518
0.095673
0.096168
0.096666
0.097167
0.09767
0.098177
0.098687
0.099199
0.099715
0.10023
0.10075
0.10128
0.10181
0.10234
0.10287
0.10341
0.10395
0.10449
0.10504
0.10559
0.10614
0.10669
0.10725
0.10781
0.10838
0.10895
0.10952
0.1101
0.11067
0.11126
0.11184
0.11243
0.11302
0.11362
0.11422
0.11482
0.11542
0.11603
0.11665
0.11726
0.11788
0.11851
0.11913
0.11976
0.1204
0.12104
0.12168
0.12232
0.12297
0.12363
0.12428
0.12494
0.12561
0.12628
0.12695
0.12762
0.1283
0.12899
0.12967
0.13037
0.13106
0.13176
0.13246
0.13317
0.13388
0.1346
0.13532
0.13604
0.13677
0.13751
0.13824
0.13898
0.13973
0.14048
0.14123
0.14199
0.14275
0.14352
0.14429
0.14507
0.14585
0.14664
0.14743
0.14822
0.14902
0.14982
0.15063
0.15144
0.15226
0.15308
0.15391
0.15474
0.15558
0.15642
0.15726
0.15812
0.15897
0.15983
0.1607
0.16157
0.16245
0.16333
0.16421
0.1651
0.166
0.1669
0.16781
0.16872
0.16964
0.17056
0.17149
0.17242
0.17336
0.17431
0.17525
0.17621
0.17717
0.17814
0.17911
0.18009
0.18107
0.18206
0.18305
0.18405
0.18506
0.18607
0.18709
0.18811
0.18914
0.19018
0.19122
0.19226
0.19332
0.19438
0.19544
0.19651
0.19759
0.19868
0.19977
0.20086
0.20197
0.20308
0.20419
0.20531
0.20644
0.20758
0.20872
0.20987
0.21102
0.21219
0.21335
0.21453
0.21571
0.2169
0.2181
0.2193
0.22051
0.22172
0.22295
0.22418
0.22542
0.22666
0.22791
0.22917
0.23044
0.23171
0.233
0.23428
0.23558
0.23688
0.2382
0.23951
0.24084
0.24217
0.24352
0.24487
0.24622
0.24759
0.24896
0.25034
0.25173
0.25313
0.25453
0.25595
0.25737
0.2588
0.26024
0.26168
0.26314
0.2646
0.26607
0.26755
0.26904
0.27054
0.27204
0.27356
0.27508
0.27661
0.27815
0.2797
0.28126
0.28283
0.28441
0.28599
0.28759
0.28919
0.29081
0.29243
0.29406
0.2957
0.29735
0.29901
0.30068
0.30236
0.30405
0.30575
0.30746
0.30918
0.31091
0.31265
0.3144
0.31616
0.31793
0.31971
0.3215
0.3233
0.32511
0.32693
0.32876
0.3306
0.33246
0.33432
0.33619
0.33808
0.33998
0.34188
0.3438
0.34573
0.34767
0.34962
0.35158
0.35356
0.35554
0.35754
0.35955
0.36157
0.3636
0.36565
0.3677
0.36977
0.37185
0.37394
0.37604
0.37816
0.38029
0.38243
0.38458
0.38674
0.38892
0.39111
0.39331
0.39553
0.39776
0.4
0.40225
0.40452
0.4068
0.40909
0.4114
0.41372
0.41605
0.4184
0.42076
0.42313
0.42552
0.42792
0.43034
0.43277
0.43521
0.43767
0.44014
0.44262
0.44512
0.44764
0.45017
0.45271
0.45527
0.45784
0.46043
0.46304
0.46565
0.46829
0.47094
0.4736
0.47628
0.47897
0.48168
0.48441
0.48715
0.48991
0.49268
0.49547
0.49828
0.5011
0.50394
0.50679
0.50966
0.51255
0.51546
0.51838
0.52132
0.52427
0.52724
0.53023
0.53324
0.53626
0.5393
0.54236
0.54544
0.54853
0.55165
0.55478
0.55793
0.56109
0.56428
0.56748
0.5707
0.57394
0.5772
0.58048
0.58378
0.58709
0.59043
0.59378
0.59716
0.60055
0.60396
0.6074
0.61085
0.61432
0.61781
0.62133
0.62486
0.62841
0.63199
0.63558
0.6392
0.64283
0.64649
0.65017
0.65387
0.65759
0.66133
0.6651
0.66888
0.67269
0.67652
0.68037
0.68425
0.68815
0.69207
0.69601
0.69997
0.70396
0.70797
0.712
0.71606
0.72014
0.72425
0.72837
0.73253
0.7367
0.7409
0.74513
0.74937
0.75365
0.75794
0.76227
0.76662
0.77099
0.77539
0.77981
0.78426
0.78873
0.79323
0.79776
0.80231
0.80689
0.8115
0.81613
0.82079
0.82547
0.83019
0.83493
0.8397
0.84449
0.84931
0.85416
0.85904
0.86395
0.86889
0.87385
0.87884
0.88386
0.88891
0.89399
0.8991
0.90424
0.90941
0.91461
0.91983
0.92509
0.93038
0.9357
0.94105
0.94643
0.95184
0.95729
0.96276
0.96827
0.97381
0.97938
0.98498
0.99061
0.99628
1.002
1.0077
1.0135
1.0193
1.0251
1.031
1.0369
1.0428
1.0488
1.0548
1.0608
1.0669
1.073
1.0792
1.0853
1.0915
1.0978
1.1041
1.1104
1.1168
1.1232
1.1296
1.1361
1.1426
1.1491
1.1557
1.1623
1.169
1.1757
1.1824
1.1892
1.196
1.2029
1.2098
1.2167
1.2237
1.2307
1.2377
1.2448
1.252
1.2591
1.2664
1.2736
1.2809
1.2883
1.2957
1.3031
1.3106
1.3181
1.3256
1.3332
1.3409
1.3486
1.3563
1.3641
1.3719
1.3798
1.3877
1.3957
1.4037
1.4117
1.4198
1.428
1.4362
1.4444
1.4527
1.4611
1.4694
1.4779
1.4864
1.4949
1.5035
1.5121
1.5208
1.5295
1.5383
1.5471
1.556
1.565
1.5739
1.583
1.5921
1.6012
1.6104
1.6197
1.629
1.6383
1.6477
1.6572
1.6667
1.6763
1.6859
1.6956
1.7053
1.7151
1.725
1.7349
1.7449
1.7549
1.765
1.7751
1.7853
1.7956
1.8059
1.8163
1.8267
1.8372
1.8478
1.8584
1.8691
1.8798
1.8906
1.9015
1.9124
1.9234
1.9345
1.9456
1.9568
1.9681
1.9794
1.9908
2.0022
2.0137
2.0253
2.0369
2.0487
2.0604
2.0723
2.0842
2.0962
2.1083
2.1204
2.1326
2.1448
2.1572
2.1696
2.1821
2.1946
2.2073
2.22
2.2327
2.2456
2.2585
2.2715
2.2846
2.2977
2.3109
2.3242
2.3376
2.351
2.3646
2.3782
2.3919
2.4056
2.4195
2.4334
2.4474
2.4615
2.4757
2.4899
2.5043
2.5187
2.5332
2.5477
2.5624
2.5772
2.592
2.6069
2.6219
2.637
2.6522
2.6675
2.6828
2.6983
2.7138
2.7295
2.7452
2.761
2.7769
2.7929
2.809
2.8251
2.8414
2.8578
2.8742
2.8908
2.9074
2.9242
2.941
2.9579
2.975
2.9921
3.0094
3.0267
3.0441
3.0617
3.0793
3.097
3.1149
3.1328
3.1509
3.169
3.1873
3.2056
3.2241
3.2427
3.2614
3.2802
3.2991
3.3181
3.3372
3.3564
3.3758
3.3952
3.4148
3.4345
3.4542
3.4741
3.4942
3.5143
3.5346
3.5549
3.5754
3.596
3.6167
3.6376
3.6586
3.6796
3.7008
3.7222
3.7436
3.7652
3.7869
3.8087
3.8307
3.8528
3.875
3.8973
3.9198
3.9424
3.9651
3.988
4.011
4.0341
4.0573
4.0807
4.1043
4.1279
4.1517
4.1757
4.1997
4.2239
4.2483
4.2728
4.2974
4.3222
4.3471
4.3722
4.3974
4.4228
4.4483
4.4739
4.4997
4.5257
4.5518
4.578
4.6044
4.6315
4.6612
4.6933
4.7276
4.7638
4.8018
4.8414
4.8824
4.9247
4.9682
5.0128
5.0584
5.1049
5.1522
5.2002
5.249
5.2984
5.3484
5.3989
5.45
5.5016
5.5536
5.606
5.6589
5.7121
5.7658
5.8197
5.874
5.9286
5.9836
6.0388
6.0943
6.1502
6.2063
6.2626
6.3193
6.3762
6.4333
6.4908
6.5484
6.6063
6.6645
6.7229
6.7816
6.8405
6.8996
6.959
7.0186
7.0785
7.1386
7.1989
7.2595
7.3203
7.3813
7.4426
7.5041
7.5659
7.6279
7.6902
7.7526
7.8154
7.8783
7.9415
8.005
8.0687
8.1326
8.1968
8.2612
8.3259
8.3908
8.456
8.5214
8.587
8.6529
8.7191
8.7855
8.8522
8.9191
8.9862
9.0537
9.1213
9.1893
9.2575
9.3259
9.3946
9.4636
9.5328
9.6023
9.672
9.7421
9.8123
9.8829
9.9537
10.025
10.096
10.168
10.24
10.312
10.384
10.457
10.53
10.603
10.677
10.75
10.824
10.899
10.973
11.048
11.124
11.199
11.275
11.351
11.427
11.504
11.581
11.658
11.735
11.813
11.891
11.97
12.048
12.127
12.206
12.286
12.366
12.446
12.526
12.607
12.688
12.769
12.851
12.933
13.015
13.098
13.181
13.264
13.347
13.431
13.515
13.6
13.684
13.77
13.855
13.941
14.027
14.113
14.2
14.287
14.374
14.461
14.549
14.638
14.726
14.815
14.905
14.994
15.084
15.174
15.265
15.356
15.447
15.539
15.631
15.723
15.816
15.909
16.002
16.096
16.19
16.284
16.379
16.474
16.569
16.665
16.761
16.858
16.955
17.052
17.149
17.247
17.346
17.447
17.551
17.659
17.769
17.882
17.997
18.114
18.234
18.354
18.477
18.601
18.726
18.852
18.979
19.108
19.237
19.367
19.498
19.63
19.762
19.895
20.029
20.164
20.298
20.434
20.57
20.706
20.843
20.981
21.119
21.257
21.396
21.535
21.674
21.814
21.955
22.095
22.236
22.378
22.52
22.662
22.804
22.947
23.09
23.234
23.378
23.522
23.667
23.812
23.957
24.103
24.249
24.395
24.542
24.689
24.836
24.984
25.132
25.281
25.429
25.579
25.728
25.878
26.028
26.179
26.329
26.481
26.632
26.784
26.936
27.089
27.242
27.395
27.549
27.703
27.857
28.012
28.167
28.322
28.478
28.634
28.791
28.947
29.105
29.262
29.42
29.578
29.737
29.896
30.055
30.215
30.375
30.535
30.696
30.857
31.019
31.181
31.343
31.506
31.669
31.832
31.996
32.16
32.324
32.489
32.654
32.82
32.986
33.152
33.319
33.486
33.653
33.821
33.99
34.158
34.327
34.497
34.666
34.836
35.007
35.178
35.349
35.521
35.693
35.865
36.038
36.211
36.385
36.559
36.733
36.908
37.083
37.259
37.435
37.611
37.788
37.965
38.143
38.321
38.499
38.678
38.857
39.037
39.216
39.397
39.578
39.759
39.94
40.122
40.308
40.496
40.688
40.882
41.078
41.276
41.476
41.678
41.882
42.086
42.293
42.5
42.708
42.918
43.128
43.339
43.551
43.764
43.978
44.192
44.406
44.622
44.837
45.054
45.271
45.488
45.706
45.924
46.142
46.361
46.581
46.8
47.02
47.241
47.462
47.683
47.904
48.126
48.348
48.571
48.793
49.016
49.24
49.464
49.688
49.912
50.137
50.362
50.587
50.812
51.038
51.264
51.491
51.717
51.945
52.172
52.399
52.627
52.856
53.084
53.313
53.542
53.771
54.001
54.231
54.461
54.692
54.923
55.154
55.386
55.617
55.849
56.082
56.315
56.548
56.781
57.014
57.248
57.482
57.717
57.952
58.187
58.422
58.658
58.894
59.13
59.366
59.603
59.84
60.078
60.316
60.554
60.792
61.031
61.27
61.509
61.748
61.988
62.229
62.469
62.71
62.951
63.192
63.434
63.676
63.918
64.161
64.404
64.647
64.891
65.134
65.379
65.623
65.868
66.113
66.358
66.604
66.85
67.096
67.343
67.59
67.837
68.085
68.332
68.581
68.829
69.078
69.327
69.576
69.826
70.076
70.327
70.577
70.828
71.079
71.331
71.583
71.835
72.088
72.341
72.594
72.847
73.101
73.355
73.61
73.865
74.12
74.375
74.631
74.89
75.152
75.415
75.681
75.948
76.217
76.487
76.758
77.031
77.305
77.58
77.855
78.132
78.409
78.687
78.966
79.245
79.524
79.804
80.085
80.366
80.647
80.929
81.211
81.494
81.777
82.06
82.343
82.627
82.911
83.195
83.479
83.764
84.049
84.334
84.619
84.905
85.191
85.477
85.763
86.049
86.336
86.623
86.91
87.197
87.484
87.772
88.06
88.348
88.636
88.924
89.212
89.501
89.79
90.079
90.368
90.658
90.947
91.237
91.527
91.817
92.107
92.398
92.688
92.979
93.27
93.561
93.853
94.144
94.436
94.728
95.02
95.312
95.605
95.897
96.19
96.483
96.776
97.07
97.363
97.657
97.951
98.245
98.539
98.833
99.128
99.422
99.717
100.01
100.31
100.6
100.9
101.19
101.49
101.79
102.08
102.38
102.68
102.97
103.27
103.57
103.86
104.16
104.46
104.76
105.06
105.35
105.65
105.95
106.25
106.55
106.85
107.15
107.45
107.75
108.05
108.35
108.65
108.95
109.25
109.55
109.85
110.15
110.45
110.75
111.06
111.36
111.66
111.96
112.27
112.57
112.87
113.17
113.48
113.78
114.08
114.39
114.69
115
115.3
115.6
115.91
116.21
116.52
116.82
117.13
117.43
117.74
118.05
118.35
118.66
118.96
119.27
119.58
119.88
120.19
120.5
120.81
121.11
121.42
121.73
122.04
122.35
122.65
122.97
123.28
123.59
123.91
124.22
124.54
124.86
125.18
125.5
125.82
126.14
126.46
126.78
127.11
127.43
127.75
128.08
128.4
128.73
129.05
129.38
129.7
130.03
130.36
130.68
131.01
131.33
131.66
131.99
132.32
132.64
132.97
133.3
133.62
133.95
134.28
134.61
134.93
135.26
135.59
135.92
136.25
136.57
136.9
137.23
137.56
137.89
138.22
138.54
138.87
139.2
139.53
139.86
140.19
140.52
140.85
141.17
141.5
141.83
142.16
142.49
142.82
143.15
143.48
143.81
144.14
144.47
144.8
145.13
145.46
145.79
146.12
146.45
146.78
147.11
147.44
147.77
148.1
148.43
148.76
149.09
149.42
149.75
150.08
150.41
150.74
151.07
151.4
151.73
152.06
152.4
152.73
153.06
153.39
153.72
154.05
154.38
154.71
155.05
155.38
155.71
156.04
156.37
156.7
157.03
157.37
157.7
158.03
158.36
158.69
159.03
159.36
159.69
160.02
160.36
160.69
161.02
161.35
161.68
162.02
162.35
162.68
163.02
163.35
163.68
164.01
164.35
164.68
165.01
165.35
165.68
166.01
166.35
166.68
167.01
167.35
167.68
168.01
168.35
168.68
169.01
169.35
169.68
170.02
170.35
170.68
171.02
171.35
171.69
172.02
172.35
172.69
173.02
173.36
173.69
174.03
174.36
174.7
175.03
175.37
175.7
176.03
176.37
176.7
177.04
177.38
177.71
178.05
178.38
178.72
179.05
179.39
179.72
180.06
180.39
180.73
181.06
181.4
181.74
182.07
182.41
182.74
183.08
183.42
183.75
184.09
184.42
184.76
185.1
185.43
185.77
186.11
186.44
186.78
187.12
187.45
187.79
188.13
188.47
188.81
189.15
189.49
189.84
190.18
190.52
190.87
191.21
191.56
191.9
192.25
192.59
192.94
193.28
193.63
193.98
194.32
194.67
195.02
195.36
195.71
196.06
196.4
196.75
197.1
197.44
197.79
198.14
198.48
198.83
199.18
199.52
199.87
200.22
200.56
200.91
201.26
201.6
201.95
202.3
202.64
202.99
203.34
203.68
204.03
204.38
204.72
205.07
205.41
205.76
206.11
206.45
206.8
207.15
207.49
207.84
208.18
208.53
208.88
209.22
209.57
209.91
210.26
210.61
210.95
211.3
211.64
211.99
212.33
212.68
213.03
213.37
213.72
214.06
214.41
214.75
215.1
215.44
215.79
216.13
216.48
216.82
217.17
217.51
217.86
218.2
218.55
218.89
219.24
219.58
219.93
220.27
220.62
220.96
221.31
221.65
222
222.34
222.69
223.03
223.38
223.72
224.06
224.41
224.75
225.1
225.44
225.79
226.13
226.47
226.82
227.16
227.51
227.85
228.19
228.54
228.88
229.23
229.57
229.91
230.26
230.6
230.95
231.29
231.63
231.98
232.32
232.66
233.01
233.35
233.69
234.04
234.38
234.72
235.07
235.41
235.75
236.1
236.44
236.78
237.13
237.47
237.81
238.16
238.5
238.84
239.19
239.53
239.87
240.21
240.56
240.9
241.24
241.58
241.93
242.27
242.61
242.96
243.3
243.64
243.98
244.33
244.67
245.01
245.35
245.69
246.04
246.38
246.72
247.06
247.41
247.75
248.09
248.43
248.77
249.12
249.46
249.8
250.14
250.48
250.82
251.17
251.51
251.85
252.19
252.53
252.87
253.22
253.56
253.9
254.24
254.58
254.92
255.26
255.61
255.95
256.29
256.63
256.97
257.31
257.65
257.99
258.34
258.68
259.02
259.36
259.7
260.04
260.38
260.72
261.06
261.4
261.74
262.08
262.43
262.77
263.11
263.45
263.79
264.13
264.47
264.81
265.15
265.49
265.83
266.17
266.51
266.85
267.19
267.53
267.87
268.21
268.55
268.89
269.23
269.57
269.91
270.25
270.59
270.93
271.27
271.61
271.95
272.29
272.63
272.97
273.31
273.65
273.99
274.33
274.67
275.01
275.35
275.69
276.03
276.37
276.72
277.06
277.4
277.75
278.09
278.43
278.78
279.12
279.47
279.81
280.15
280.5
280.84
281.19
281.53
281.87
282.22
282.56
282.91
283.25
283.59
283.94
284.28
284.62
284.97
285.31
285.65
286
286.34
286.68
287.03
287.37
287.71
288.06
288.4
288.74
289.08
289.43
289.77
290.11
290.45
290.8
291.14
291.48
291.82
292.16
292.51
292.85
293.19
293.53
293.87
294.21
294.55
294.89
295.24
295.58
295.92
296.26
296.6
296.94
297.28
297.62
297.96
298.3
298.64
298.98
299.32
299.66
300
300.34
300.68
301.02
301.36
301.7
302.04
302.38
302.72
303.06
303.4
303.73
304.07
304.41
304.75
305.09
305.43
305.77
306.1
306.44
306.78
307.12
307.46
307.79
308.13
308.47
308.81
309.15
309.48
309.82
310.16
310.49
310.83
311.17
311.51
311.84
312.18
312.52
312.85
313.19
313.53
313.86
314.2
314.53
314.87
315.21
315.54
315.88
316.21
316.55
316.89
317.22
317.56
317.89
318.23
318.56
318.9
319.23
319.57
319.9
320.24
320.57
320.91
321.24
321.58
321.91
322.24
322.58
322.91
323.25
323.58
323.91
324.25
324.58
324.92
325.25
325.58
325.92
326.25
326.58
326.92
327.25
327.58
327.92
328.25
328.58
328.91
329.25
329.58
329.91
330.24
330.58
330.91
331.24
331.57
331.9
332.24
332.57
332.9
333.23
333.56
333.89
334.23
334.56
334.89
335.22
335.55
335.88
336.21
336.54
336.87
337.2
337.53
337.86
338.2
338.53
338.86
339.19
339.52
339.85
340.18
340.51
340.84
341.17
341.5
341.82
342.15
342.48
342.81
343.14
343.47
343.8
344.13
344.46
344.79
345.12
345.44
345.77
346.1
346.43
346.76
347.09
347.42
347.74
348.07
348.4
348.73
349.06
349.38
349.71
350.04
350.37
350.69
351.02
351.35
351.68
352
352.33
352.66
352.98
353.31
353.64
353.96
354.29
354.62
354.94
355.27
355.6
355.92
356.25
356.57
356.9
357.23
357.55
357.88
358.2
358.53
358.86
359.18
359.51
359.83
360.16
360.48
360.81
361.13
361.46
361.78
362.11
362.43
362.76
363.08
363.41
363.73
364.05
364.38
364.7
365.03
365.35
365.68
366
366.32
366.65
366.97
367.29
367.62
367.94
368.26
368.59
368.91
369.23
369.56
369.88
370.2
370.53
370.85
371.17
371.49
371.82
372.14
372.46
372.78
373.11
373.43
373.75
374.07
374.4
374.72
375.04
375.36
375.68
376
376.33
376.65
376.97
377.29
377.61
377.93
378.25
378.57
378.9
379.22
379.54
379.86
380.18
380.5
380.82
381.14
381.46
381.78
382.1
382.42
382.74
383.06
383.38
383.7
384.02
384.34
384.66
384.98
385.3
385.62
385.94
386.26
386.58
386.9
387.22
387.54
387.86
388.17
388.49
388.81
389.13
389.45
389.77
390.09
390.4
390.72
391.04
391.36
391.68
392
392.31
392.63
392.95
393.27
393.59
393.9
394.22
394.54
394.86
395.17
395.49
395.81
396.13
396.45
396.77
397.09
397.4
397.72
398.04
398.36
398.68
399
399.32
399.64
399.96
400.28
400.6
400.91
401.23
401.55
401.87
402.19
402.51
402.83
403.15
403.46
403.78
404.1
404.42
404.74
405.05
405.37
405.69
406.01
406.33
406.64
406.96
407.28
407.59
407.91
408.23
408.55
408.86
409.18
409.5
409.81
410.13
410.45
410.76
411.08
411.39
411.71
412.03
412.34
412.66
412.97
413.29
413.6
413.92
414.23
414.55
414.86
415.18
415.49
415.81
416.12
416.44
416.75
417.07
417.38
417.69
418.01
418.32
418.64
418.95
419.26
419.58
419.89
420.2
420.52
420.83
421.14
421.46
421.77
422.08
422.4
422.71
423.02
423.33
423.65
423.96
424.27
424.58
424.89
425.21
425.52
425.83
426.14
426.45
426.76
427.07
427.39
427.7
428.01
428.32
428.63
428.94
429.25
429.56
429.87
430.18
430.49
430.8
431.11
431.42
431.73
432.04
432.35
432.66
432.97
433.28
433.59
433.9
434.21
434.52
434.83
435.14
435.45
435.75
436.06
436.37
436.68
436.99
437.3
437.6
437.91
438.22
438.53
438.84
439.14
439.45
439.76
440.07
440.37
440.68
440.99
441.3
441.6
441.91
442.22
442.52
442.83
443.14
443.44
443.75
444.06
444.36
444.67
444.97
445.28
445.59
445.89
446.2
446.5
446.81
447.11
447.42
447.72
448.03
448.33
448.64
448.94
449.25
449.55
449.86
450.16
450.47
450.77
451.08
451.38
451.68
451.99
452.29
452.6
452.9
453.2
453.51
453.81
454.11
454.42
454.72
455.02
455.33
455.63
455.93
456.24
456.54
456.84
457.14
457.45
457.75
458.05
458.35
458.66
458.96
459.26
459.56
459.86
460.17
460.47
460.77
461.07
461.37
461.67
461.97
462.27
462.58
462.88
463.18
463.48
463.78
464.08
464.38
464.68
464.98
465.28
465.58
465.88
466.18
466.48
466.78
467.08
467.38
467.68
467.98
468.28
468.58
468.88
469.18
469.48
469.78
470.08
470.37
470.67
470.97
471.27
471.57
471.87
472.17
472.46
472.76
473.06
473.36
473.66
473.95
474.25
474.55
474.85
475.15
475.44
475.74
476.04
476.34
476.63
476.93
477.23
477.52
477.82
478.12
478.41
478.71
479.01
479.3
479.6
479.9
480.19
480.49
480.78
481.08
481.38
481.67
481.97
482.26
482.56
482.86
483.15
483.45
483.74
484.04
484.33
484.63
484.92
485.22
485.51
485.81
486.1
486.4
486.69
486.98
487.28
487.57
487.87
488.16
488.46
488.75
489.04
489.34
489.63
489.92
490.22
490.51
490.81
491.1
491.39
491.69
491.98
492.27
492.56
492.86
493.15
493.44
493.74
494.03
494.32
494.61
494.91
495.2
495.49
495.78
496.07
496.37
496.66
496.95
497.24
497.53
497.83
498.12
498.41
498.7
498.99
499.28
499.57
499.86
500.16
500.45
500.74
501.03
501.32
501.61
501.9
502.19
502.48
502.77
503.06
503.35
503.64
503.93
504.22
504.51
504.8
505.09
505.38
505.67
505.96
506.25
506.54
506.83
507.12
507.41
507.7
507.99
508.27
508.56
508.85
509.14
509.43
509.72
510.01
510.3
510.58
510.87
511.16
511.45
511.74
512.02
512.31
512.6
512.89
513.18
513.46
513.75
514.04
514.33
514.61
514.9
515.19
515.48
515.76
516.05
516.34
516.62
516.91
517.2
517.48
517.77
518.06
518.34
518.63
518.92
519.2
519.49
519.78
520.06
520.35
520.63
520.92
521.2
521.49
521.78
522.06
522.35
522.63
522.92
523.2
523.49
523.77
524.06
524.34
524.63
524.91
525.2
525.48
525.77
526.05
526.34
526.62
526.91
527.19
527.47
527.76
528.04
528.33
528.61
528.89
529.18
529.46
529.75
530.03
530.31
530.6
530.88
531.16
531.45
531.73
532.01
532.3
532.58
532.86
533.15
533.43
533.71
533.99
534.28
534.56
534.84
535.12
535.41
535.69
535.97
536.25
536.54
536.82
537.1
537.38
537.66
537.95
538.23
538.51
538.79
539.07
539.35
539.63
539.92
540.2
540.48
540.76
541.04
541.32
541.6
541.88
542.16
542.45
542.73
543.01
543.29
543.57
543.85
544.13
544.41
544.69
544.97
545.25
545.53
545.81
546.09
546.37
546.65
546.93
547.21
547.49
547.77
548.05
548.33
548.61
548.89
549.16
549.44
549.72
550
550.28
550.56
550.84
551.12
551.4
551.67
551.95
552.23
552.51
552.79
553.07
553.34
553.62
553.9
554.18
554.46
554.74
555.01
555.29
555.57
555.85
556.12
556.4
556.68
556.96
557.23
557.51
557.79
558.07
558.34
558.62
558.9
559.17
559.45
559.73
560
560.28
560.56
560.84
561.11
561.39
561.66
561.94
562.22
562.49
562.77
563.05
563.32
563.6
563.87
564.15
564.43
564.7
564.98
565.25
565.53
565.8
566.08
566.35
566.63
566.91
567.18
567.46
567.73
568.01
568.28
568.56
568.83
569.11
569.38
569.65
569.93
570.2
570.48
570.75
571.03
571.3
571.58
571.85
572.12
572.4
572.67
572.95
573.22
573.49
573.77
574.04
574.32
574.59
574.86
575.14
575.41
575.68
575.96
576.23
576.5
576.78
577.05
577.32
577.6
577.87
578.14
578.41
578.69
578.96
579.23
579.5
579.78
580.05
580.32
580.59
580.87
581.14
581.41
581.68
581.96
582.23
582.5
582.77
583.05
583.32
583.59
583.86
584.14
584.41
584.68
584.95
585.23
585.5
585.77
586.04
586.32
586.59
586.86
587.13
587.41
587.68
587.95
588.22
588.49
588.77
589.04
589.31
589.58
589.85
590.12
590.4
590.67
590.94
591.21
591.48
591.75
592.02
592.29
592.57
592.84
593.11
593.38
593.65
593.92
594.19
594.46
594.73
595
595.27
595.54
595.81
596.08
596.35
596.62
596.89
597.16
597.43
597.7
597.97
598.24
598.51
598.78
599.05
599.32
599.59
599.86
600.12
600.39
600.66
600.93
601.2
601.47
601.74
602.01
602.28
602.54
602.81
603.08
603.35
603.62
603.89
604.15
604.42
604.69
604.96
605.22
605.49
605.76
606.03
606.3
606.56
606.83
607.1
607.37
607.63
607.9
608.17
608.43
608.7
608.97
609.23
609.5
609.77
610.03
610.3
610.57
610.83
611.1
611.37
611.63
611.9
612.17
612.43
612.7
