0.01
0.010045
0.010085
0.010122
0.010154
0.010184
0.01021
0.010234
0.010255
0.010275
0.010292
0.010308
0.010323
0.010336
0.010348
0.010359
0.01037
0.010379
0.010387
0.010395
0.010403
0.01041
0.010416
0.010422
0.010428
0.010433
0.010438
0.010443
0.010448
0.010452
0.010456
0.01046
0.010464
0.010468
0.010472
0.010475
0.010479
0.010483
0.010486
0.010489
0.010493
0.010496
0.010499
0.010503
0.010506
0.010509
0.010512
0.010515
0.010519
0.010522
0.010525
0.010528
0.010531
0.010534
0.010538
0.010541
0.010544
0.010547
0.01055
0.010554
0.010557
0.01056
0.010564
0.010567
0.01057
0.010573
0.010577
0.01058
0.010584
0.010587
0.01059
0.010594
0.010597
0.010601
0.010604
0.010608
0.010611
0.010615
0.010618
0.010622
0.010625
0.010629
0.010633
0.010636
0.01064
0.010644
0.010647
0.010651
0.010655
0.010659
0.010663
0.010666
0.01067
0.010674
0.010678
0.010682
0.010686
0.01069
0.010694
0.010698
0.010702
0.010706
0.01071
0.010714
0.010718
0.010722
0.010727
0.010731
0.010735
0.010739
0.010744
0.010748
0.010752
0.010756
0.010761
0.010765
0.01077
0.010774
0.010779
0.010783
0.010788
0.010792
0.010797
0.010801
0.010806
0.010811
0.010815
0.01082
0.010825
0.01083
0.010834
0.010839
0.010844
0.010849
0.010854
0.010859
0.010864
0.010869
0.010874
0.010879
0.010884
0.010889
0.010894
0.010899
0.010904
0.01091
0.010915
0.01092
0.010926
0.010931
0.010936
0.010942
0.010947
0.010953
0.010958
0.010964
0.010969
0.010975
0.01098
0.010986
0.010992
0.010998
0.011003
0.011009
0.011015
0.011021
0.011027
0.011033
0.011039
0.011045
0.011051
0.011057
0.011063
0.011069
0.011075
0.011081
0.011088
0.011094
0.0111
0.011107
0.011113
0.011119
0.011126
0.011132
0.011139
0.011145
0.011152
0.011159
0.011165
0.011172
0.011179
0.011186
0.011193
0.0112
0.011206
0.011213
0.01122
0.011228
0.011235
0.011242
0.011249
0.011256
0.011263
0.011271
0.011278
0.011285
0.011293
0.0113
0.011308
0.011315
0.011323
0.011331
0.011338
0.011346
0.011354
0.011362
0.01137
0.011377
0.011385
0.011393
0.011401
0.01141
0.011418
0.011426
0.011434
0.011442
0.011451
0.011459
0.011468
0.011476
0.011485
0.011493
0.011502
0.011511
0.011519
0.011528
0.011537
0.011546
0.011555
0.011564
0.011573
0.011582
0.011591
0.0116
0.011609
0.011619
0.011628
0.011637
0.011647
0.011656
0.011666
0.011676
0.011685
0.011695
0.011705
0.011715
0.011725
0.011735
0.011745
0.011755
0.011765
0.011775
0.011785
0.011796
0.011806
0.011816
0.011827
0.011837
0.011848
0.011859
0.01187
0.01188
0.011891
0.011902
0.011913
0.011924
0.011935
0.011946
0.011958
0.011969
0.01198
0.011992
0.012003
0.012015
0.012027
0.012038
0.01205
0.012062
0.012074
0.012086
0.012098
0.01211
0.012122
0.012134
0.012147
0.012159
0.012172
0.012184
0.012197
0.01221
0.012222
0.012235
0.012248
0.012261
0.012274
0.012287
0.012301
0.012314
0.012327
0.012341
0.012354
0.012368
0.012381
0.012395
0.012409
0.012423
0.012437
0.012451
0.012465
0.012479
0.012494
0.012508
0.012523
0.012537
0.012552
0.012567
0.012582
0.012596
0.012611
0.012627
0.012642
0.012657
0.012672
0.012688
0.012703
0.012719
0.012735
0.01275
0.012766
0.012782
0.012798
0.012815
0.012831
0.012847
0.012864
0.01288
0.012897
0.012914
0.01293
0.012947
0.012964
0.012982
0.012999
0.013016
0.013034
0.013051
0.013069
0.013086
0.013104
0.013122
0.01314
0.013158
0.013177
0.013195
0.013214
0.013232
0.013251
0.01327
0.013288
0.013307
0.013327
0.013346
0.013365
0.013385
0.013404
0.013424
0.013444
0.013464
0.013484
0.013504
0.013524
0.013544
0.013565
0.013585
0.013606
0.013627
0.013648
0.013669
0.01369
0.013712
0.013733
0.013755
0.013776
0.013798
0.01382
0.013842
0.013864
0.013887
0.013909
0.013932
0.013954
0.013977
0.014
0.014023
0.014047
0.01407
0.014094
0.014117
0.014141
0.014165
0.014189
0.014213
0.014238
0.014262
0.014287
0.014311
0.014336
0.014361
0.014387
0.014412
0.014437
0.014463
0.014489
0.014515
0.014541
0.014567
0.014594
0.01462
0.014647
0.014674
0.014701
0.014728
0.014755
0.014783
0.01481
0.014838
0.014866
0.014894
0.014923
0.014951
0.01498
0.015008
0.015037
0.015066
0.015096
0.015125
0.015155
0.015185
0.015215
0.015245
0.015275
0.015305
0.015336
0.015367
0.015398
0.015429
0.015461
0.015492
0.015524
0.015556
0.015588
0.01562
0.015653
0.015685
0.015718
0.015751
0.015784
0.015818
0.015852
0.015885
0.015919
0.015954
0.015988
0.016023
0.016057
0.016092
0.016128
0.016163
0.016199
0.016234
0.01627
0.016307
0.016343
0.01638
0.016417
0.016454
0.016491
0.016529
0.016566
0.016604
0.016642
0.016681
0.016719
0.016758
0.016797
0.016837
0.016876
0.016916
0.016956
0.016996
0.017036
0.017077
0.017118
0.017159
0.017201
0.017242
0.017284
0.017326
0.017368
0.017411
0.017454
0.017497
0.01754
0.017584
0.017628
0.017672
0.017716
0.017761
0.017806
0.017851
0.017896
0.017942
0.017988
0.018034
0.01808
0.018127
0.018174
0.018221
0.018269
0.018316
0.018364
0.018413
0.018461
0.01851
0.018559
0.018609
0.018659
0.018709
0.018759
0.01881
0.018861
0.018912
0.018963
0.019015
0.019067
0.01912
0.019172
0.019225
0.019279
0.019332
0.019386
0.01944
0.019495
0.01955
0.019605
0.019661
0.019716
0.019773
0.019829
0.019886
0.019943
0.020001
0.020058
0.020116
0.020175
0.020234
0.020293
0.020352
0.020412
0.020472
0.020533
0.020594
0.020655
0.020717
0.020778
0.020841
0.020903
0.020966
0.02103
0.021094
0.021158
0.021222
0.021287
0.021352
0.021418
0.021484
0.02155
0.021617
0.021684
0.021752
0.02182
0.021888
0.021957
0.022026
0.022095
0.022165
0.022235
0.022306
0.022377
0.022449
0.022521
0.022593
0.022666
0.022739
0.022813
0.022887
0.022961
0.023036
0.023111
0.023187
0.023263
0.02334
0.023417
0.023495
0.023573
0.023651
0.02373
0.023809
0.023889
0.023969
0.02405
0.024131
0.024213
0.024295
0.024378
0.024461
0.024545
0.024629
0.024713
0.024798
0.024884
0.02497
0.025056
0.025143
0.025231
0.025319
0.025407
0.025496
0.025586
0.025676
0.025767
0.025858
0.025949
0.026042
0.026134
0.026227
0.026321
0.026416
0.02651
0.026606
0.026702
0.026798
0.026895
0.026993
0.027091
0.02719
0.027289
0.027389
0.02749
0.027591
0.027693
0.027795
0.027898
0.028001
0.028105
0.02821
0.028315
0.028421
0.028527
0.028634
0.028742
0.02885
0.028959
0.029069
0.029179
0.02929
0.029402
0.029514
0.029626
0.02974
0.029854
0.029969
0.030084
0.0302
0.030317
0.030434
0.030552
0.030671
0.030791
0.030911
0.031032
0.031153
0.031275
0.031398
0.031522
0.031647
0.031772
0.031897
0.032024
0.032151
0.032279
0.032408
0.032538
0.032668
0.032799
0.032931
0.033063
0.033196
0.03333
0.033465
0.033601
0.033737
0.033875
0.034012
0.034151
0.034291
0.034431
0.034572
0.034714
0.034857
0.035001
0.035145
0.035291
0.035437
0.035584
0.035732
0.03588
0.03603
0.036181
0.036332
0.036484
0.036637
0.036791
0.036946
0.037102
0.037258
0.037416
0.037574
0.037734
0.037894
0.038055
0.038217
0.03838
0.038544
0.038709
0.038875
0.039042
0.03921
0.039379
0.039548
0.039719
0.039891
0.040064
0.040238
0.040412
0.040588
0.040765
0.040943
0.041121
0.041301
0.041482
0.041664
0.041847
0.042031
0.042216
0.042403
0.04259
0.042778
0.042968
0.043158
0.04335
0.043543
0.043736
0.043931
0.044127
0.044325
0.044523
0.044723
0.044923
0.045125
0.045328
0.045532
0.045738
0.045944
0.046152
0.046361
0.046571
0.046782
0.046995
0.047209
0.047424
0.04764
0.047858
0.048076
0.048296
0.048518
0.04874
0.048964
0.049189
0.049416
0.049644
0.049873
0.050103
0.050335
0.050568
0.050803
0.051038
0.051276
0.051514
0.051754
0.051995
0.052238
0.052482
0.052728
0.052975
0.053223
0.053473
0.053724
0.053977
0.054231
0.054487
0.054744
0.055002
0.055262
0.055524
0.055787
0.056052
0.056318
0.056586
0.056855
0.057126
0.057398
0.057672
0.057947
0.058224
0.058503
0.058784
0.059065
0.059349
0.059634
0.059921
0.06021
0.0605
0.060792
0.061085
0.06138
0.061677
0.061976
0.062276
0.062579
0.062882
0.063188
0.063495
0.063805
0.064116
0.064428
0.064743
0.065059
0.065377
0.065698
0.066019
0.066343
0.066669
0.066996
0.067326
0.067657
0.06799
0.068325
0.068662
0.069002
0.069343
0.069685
0.07003
0.070377
0.070726
0.071077
0.07143
0.071785
0.072142
0.072502
0.072863
0.073226
0.073591
0.073959
0.074329
0.0747
0.075074
0.07545
0.075829
0.076209
0.076592
0.076977
0.077364
0.077753
0.078145
0.078538
0.078935
0.079333
0.079734
0.080137
0.080542
0.08095
0.08136
0.081772
0.082187
0.082604
0.083024
0.083446
0.08387
0.084297
0.084727
0.085158
0.085593
0.08603
0.086469
0.086911
0.087356
0.087803
0.088252
0.088705
0.089159
0.089617
0.090077
0.09054
0.091005
0.091473
0.091944
0.092418
0.092894
0.093373
0.093855
0.09434
0.094827
0.095317
0.095811
0.096307
0.096805
0.097307
0.097812
0.098319
0.098829
0.099343
0.099859
0.10038
0.1009
0.10143
0.10195
0.10249
0.10302
0.10356
0.1041
0.10464
0.10519
0.10574
0.10629
0.10685
0.10741
0.10797
0.10854
0.10911
0.10968
0.11026
0.11084
0.11142
0.11201
0.11259
0.11319
0.11378
0.11438
0.11499
0.11559
0.1162
0.11682
0.11744
0.11806
0.11868
0.11931
0.11994
0.12058
0.12122
0.12186
0.1225
0.12315
0.12381
0.12447
0.12513
0.12579
0.12646
0.12714
0.12781
0.12849
0.12918
0.12987
0.13056
0.13126
0.13196
0.13266
0.13337
0.13408
0.1348
0.13552
0.13625
0.13698
0.13771
0.13845
0.13919
0.13994
0.14069
0.14144
0.1422
0.14297
0.14374
0.14451
0.14529
0.14607
0.14686
0.14765
0.14844
0.14924
0.15005
0.15086
0.15167
0.15249
0.15331
0.15414
0.15497
0.15581
0.15665
0.1575
0.15835
0.15921
0.16007
0.16094
0.16181
0.16269
0.16357
0.16446
0.16535
0.16625
0.16715
0.16806
0.16898
0.1699
0.17082
0.17175
0.17268
0.17362
0.17457
0.17552
0.17648
0.17744
0.17841
0.17938
0.18036
0.18134
0.18233
0.18333
0.18433
0.18534
0.18635
0.18737
0.1884
0.18943
0.19047
0.19151
0.19256
0.19361
0.19467
0.19574
0.19681
0.19789
0.19898
0.20007
0.20117
0.20228
0.20339
0.2045
0.20563
0.20676
0.2079
0.20904
0.21019
0.21135
0.21251
0.21368
0.21486
0.21604
0.21723
0.21843
0.21964
0.22085
0.22207
0.22329
0.22452
0.22576
0.22701
0.22826
0.22953
0.23079
0.23207
0.23335
0.23465
0.23594
0.23725
0.23856
0.23988
0.24121
0.24255
0.24389
0.24524
0.2466
0.24797
0.24935
0.25073
0.25212
0.25352
0.25493
0.25634
0.25777
0.2592
0.26064
0.26209
0.26354
0.26501
0.26648
0.26797
0.26946
0.27096
0.27246
0.27398
0.27551
0.27704
0.27858
0.28014
0.2817
0.28327
0.28485
0.28644
0.28803
0.28964
0.29126
0.29288
0.29452
0.29616
0.29782
0.29948
0.30115
0.30283
0.30453
0.30623
0.30794
0.30966
0.3114
0.31314
0.31489
0.31665
0.31842
0.32021
0.322
0.3238
0.32562
0.32744
0.32927
0.33112
0.33298
0.33484
0.33672
0.33861
0.34051
0.34242
0.34434
0.34627
0.34821
0.35017
0.35213
0.35411
0.3561
0.3581
0.36011
0.36214
0.36417
0.36622
0.36828
0.37035
0.37243
0.37452
0.37663
0.37875
0.38088
0.38302
0.38518
0.38735
0.38953
0.39172
0.39393
0.39615
0.39838
0.40062
0.40288
0.40515
0.40744
0.40973
0.41204
0.41437
0.4167
0.41905
0.42142
0.4238
0.42619
0.42859
0.43101
0.43345
0.43589
0.43835
0.44083
0.44332
0.44582
0.44834
0.45088
0.45342
0.45599
0.45856
0.46116
0.46376
0.46639
0.46902
0.47168
0.47435
0.47703
0.47973
0.48244
0.48517
0.48792
0.49068
0.49346
0.49625
0.49906
0.50189
0.50473
0.50759
0.51047
0.51336
0.51627
0.5192
0.52214
0.5251
0.52808
0.53107
0.53408
0.53711
0.54016
0.54322
0.5463
0.5494
0.55252
0.55565
0.55881
0.56198
0.56517
0.56838
0.57161
0.57485
0.57812
0.5814
0.5847
0.58802
0.59136
0.59472
0.5981
0.6015
0.60492
0.60836
0.61182
0.61529
0.61879
0.62231
0.62585
0.62941
0.63299
0.63659
0.64021
0.64385
0.64752
0.6512
0.65491
0.65863
0.66238
0.66615
0.66995
0.67376
0.6776
0.68145
0.68533
0.68924
0.69316
0.69711
0.70108
0.70508
0.70909
0.71313
0.7172
0.72128
0.7254
0.72953
0.73369
0.73787
0.74208
0.74631
0.75056
0.75484
0.75915
0.76348
0.76783
0.77221
0.77662
0.78105
0.7855
0.78999
0.79449
0.79903
0.80359
0.80817
0.81279
0.81743
0.82209
0.82679
0.83151
0.83626
0.84103
0.84583
0.85066
0.85552
0.86041
0.86532
0.87027
0.87524
0.88024
0.88527
0.89033
0.89542
0.90053
0.90568
0.91086
0.91606
0.9213
0.92657
0.93186
0.93719
0.94255
0.94794
0.95336
0.95881
0.9643
0.96981
0.97536
0.98094
0.98655
0.99219
0.99787
1.0036
1.0093
1.0151
1.0209
1.0267
1.0326
1.0385
1.0445
1.0505
1.0565
1.0625
1.0686
1.0747
1.0809
1.0871
1.0933
1.0995
1.1058
1.1122
1.1185
1.125
1.1314
1.1379
1.1444
1.151
1.1575
1.1642
1.1708
1.1776
1.1843
1.1911
1.1979
1.2048
1.2117
1.2186
1.2256
1.2326
1.2397
1.2468
1.254
1.2612
1.2684
1.2757
1.283
1.2903
1.2977
1.3052
1.3127
1.3202
1.3278
1.3354
1.343
1.3507
1.3585
1.3663
1.3741
1.382
1.3899
1.3979
1.4059
1.414
1.4221
1.4303
1.4385
1.4467
1.455
1.4634
1.4718
1.4802
1.4887
1.4973
1.5059
1.5145
1.5232
1.532
1.5408
1.5496
1.5585
1.5675
1.5765
1.5855
1.5946
1.6038
1.613
1.6222
1.6316
1.6409
1.6504
1.6598
1.6694
1.679
1.6886
1.6983
1.7081
1.7179
1.7278
1.7377
1.7477
1.7577
1.7678
1.778
1.7882
1.7985
1.8088
1.8192
1.8297
1.8402
1.8507
1.8614
1.8721
1.8828
1.8937
1.9046
1.9155
1.9265
1.9376
1.9487
1.9599
1.9712
1.9825
1.9939
2.0054
2.0169
2.0285
2.0402
2.0519
2.0637
2.0756
2.0876
2.0996
2.1116
2.1238
2.136
2.1483
2.1606
2.1731
2.1856
2.1981
2.2108
2.2235
2.2363
2.2492
2.2621
2.2751
2.2882
2.3014
2.3146
2.3279
2.3413
2.3548
2.3684
2.382
2.3957
2.4095
2.4234
2.4373
2.4513
2.4654
2.4796
2.4939
2.5083
2.5227
2.5372
2.5518
2.5665
2.5813
2.5962
2.6111
2.6261
2.6413
2.6565
2.6718
2.6871
2.7026
2.7182
2.7338
2.7496
2.7654
2.7813
2.7973
2.8135
2.8297
2.846
2.8623
2.8788
2.8954
2.9121
2.9289
2.9457
2.9627
2.9798
2.9969
3.0142
3.0315
3.049
3.0666
3.0842
3.102
3.1199
3.1378
3.1559
3.1741
3.1924
3.2108
3.2293
3.2479
3.2666
3.2854
3.3044
3.3234
3.3425
3.3618
3.3812
3.4007
3.4203
3.44
3.4598
3.4797
3.4998
3.5199
3.5402
3.5606
3.5812
3.6018
3.6225
3.6434
3.6644
3.6855
3.7068
3.7282
3.7496
3.7713
3.793
3.8149
3.8368
3.859
3.8812
3.9036
3.9261
3.9487
3.9715
3.9944
4.0174
4.0406
4.0639
4.0873
4.1109
4.1346
4.1584
4.1824
4.2065
4.2307
4.2551
4.2797
4.3043
4.3292
4.3541
4.3792
4.4045
4.4299
4.4554
4.4811
4.5069
4.5329
4.5591
4.5854
4.6118
4.6384
4.6652
4.6921
4.7191
4.7463
4.7737
4.8012
4.8289
4.8568
4.8848
4.913
4.9413
4.9698
4.9985
5.0273
5.0563
5.0855
5.1148
5.1443
5.174
5.2038
5.2338
5.264
5.2944
5.3249
5.3556
5.3865
5.4176
5.4489
5.4803
5.5119
5.5437
5.5757
5.6079
5.6402
5.6727
5.7055
5.7384
5.7715
5.8048
5.8383
5.872
5.9058
5.9399
5.9742
6.0087
6.0433
6.0782
6.1133
6.1485
6.184
6.2197
6.2556
6.2917
6.328
6.3645
6.4012
6.4382
6.4753
6.5127
6.5503
6.5881
6.6261
6.6643
6.7028
6.7415
6.7804
6.8195
6.8588
6.8984
6.9382
6.9783
7.0185
7.0591
7.0998
7.1408
7.182
7.2234
7.2651
7.307
7.3492
7.3916
7.4343
7.4772
7.5204
7.5638
7.6074
7.6513
7.6955
7.7399
7.7846
7.8295
7.8747
7.9202
7.9659
8.0119
8.0581
8.1046
8.1514
8.1985
8.2458
8.2934
8.3412
8.3894
8.4378
8.4865
8.5355
8.5848
8.6344
8.6842
8.7343
8.7847
8.8355
8.8865
8.9378
8.9894
9.0413
9.0935
9.1459
9.1987
9.2519
9.3053
9.359
9.413
9.4674
9.522
9.577
9.6323
9.6879
9.7438
9.8001
9.8567
9.9136
9.9708
10.028
10.086
10.145
10.203
10.262
10.321
10.381
10.441
10.501
10.562
10.623
10.684
10.746
10.808
10.87
10.933
10.996
11.06
11.123
11.188
11.252
11.317
11.383
11.448
11.514
11.581
11.648
11.715
11.783
11.851
11.919
11.988
12.057
12.127
12.197
12.267
12.338
12.409
12.481
12.553
12.626
12.698
12.772
12.846
12.92
12.994
13.069
13.145
13.221
13.297
13.374
13.451
13.529
13.607
13.686
13.765
13.844
13.924
14.004
14.085
14.167
14.248
14.331
14.414
14.497
14.581
14.665
14.749
14.835
14.92
15.006
15.093
15.18
15.268
15.356
15.445
15.534
15.624
15.714
15.805
15.896
15.988
16.08
16.173
16.266
16.36
16.455
16.55
16.646
16.742
16.838
16.936
17.033
17.132
17.231
17.33
17.43
17.531
17.632
17.734
17.837
17.94
18.043
18.148
18.252
18.358
18.464
18.571
18.678
18.786
18.894
19.003
19.113
19.223
19.335
19.446
19.559
19.672
19.785
19.899
20.014
20.13
20.246
20.363
20.481
20.599
20.718
20.838
20.958
21.079
21.201
21.324
21.447
21.571
21.695
21.821
21.947
22.073
22.201
22.329
22.458
22.588
22.718
22.85
22.982
23.114
23.248
23.382
23.517
23.653
23.79
23.927
24.065
24.204
24.344
24.485
24.626
24.769
24.912
25.056
25.2
25.346
25.492
25.64
25.788
25.937
26.087
26.237
26.389
26.541
26.695
26.849
27.004
27.16
27.317
27.475
27.633
27.793
27.954
28.115
28.278
28.441
28.605
28.771
28.937
29.104
29.272
29.441
29.611
29.782
29.954
30.128
30.302
30.477
30.653
30.83
31.008
31.187
31.367
31.549
31.731
31.914
32.098
32.284
32.47
32.658
32.847
33.037
33.227
33.419
33.612
33.807
34.002
34.198
34.396
34.595
34.795
34.996
35.198
35.401
35.606
35.811
36.018
36.227
36.436
36.646
36.858
37.071
37.285
37.501
37.717
37.935
38.154
38.375
38.597
38.82
39.044
39.27
39.496
39.725
39.954
40.185
40.417
40.651
40.886
41.122
41.359
41.598
41.839
42.08
42.324
42.568
42.814
43.062
43.31
43.561
43.812
44.065
44.32
44.576
44.834
45.093
45.353
45.615
45.879
46.144
46.411
46.679
46.949
47.22
47.493
47.767
48.043
48.321
48.6
48.881
49.163
49.447
49.733
50.02
50.309
50.6
50.892
51.186
51.482
51.78
52.079
52.38
52.683
52.987
53.293
53.601
53.911
54.222
54.536
54.851
55.168
55.486
55.807
56.13
56.454
56.78
57.108
57.438
57.77
58.104
58.44
58.777
59.117
59.459
59.802
60.148
60.495
60.845
61.196
61.55
61.906
62.263
62.623
62.985
63.349
63.715
64.083
64.454
64.826
65.201
65.577
65.956
66.337
66.721
67.106
67.494
67.884
68.276
68.671
69.068
69.467
69.868
70.272
70.678
71.087
71.497
71.91
72.326
72.744
73.164
73.587
74.012
74.44
74.87
75.303
75.738
76.176
76.616
77.059
77.504
77.952
78.402
78.855
79.311
79.769
80.23
80.694
81.16
81.629
82.101
82.575
83.052
83.532
84.015
84.501
84.989
85.48
85.974
86.471
86.97
87.473
87.979
88.487
88.998
89.513
90.03
90.55
91.073
91.6
92.129
92.661
93.197
93.735
94.277
94.822
95.37
95.921
96.475
97.033
97.594
98.158
98.725
99.295
99.869
100.45
101.03
101.61
102.2
102.79
103.38
103.98
104.58
105.18
105.79
106.4
107.02
107.64
108.26
108.89
109.51
110.15
110.78
111.42
112.06
112.71
113.36
114.01
114.66
115.32
115.98
116.65
117.31
117.98
118.65
119.32
120
120.68
121.36
122.05
122.73
123.42
124.12
124.81
125.51
126.21
126.91
127.62
128.33
129.04
129.75
130.47
131.19
131.91
132.64
133.36
134.09
134.83
135.56
136.3
137.04
137.79
138.53
139.28
140.03
140.79
141.55
142.31
143.07
143.84
144.6
145.38
146.15
146.93
147.71
148.49
149.28
150.07
150.86
151.65
152.45
153.25
154.05
154.86
155.67
156.48
157.3
158.12
158.94
159.76
160.59
161.42
162.25
163.09
163.93
164.77
165.62
166.47
167.32
168.18
169.03
169.9
170.76
171.63
172.5
173.37
174.25
175.13
176.02
176.9
177.79
178.69
179.58
180.48
181.39
182.29
183.2
184.12
185.03
185.95
186.88
187.8
188.73
189.67
190.61
191.55
192.49
193.44
194.39
195.34
196.3
197.26
198.23
199.19
200.17
201.14
202.12
203.1
204.09
205.08
206.07
207.07
208.07
209.08
210.08
211.09
212.11
213.13
214.15
215.18
216.21
217.24
218.28
219.32
220.37
221.42
222.47
223.53
224.59
225.65
226.72
227.79
228.87
229.95
231.03
232.12
233.21
234.31
235.41
236.51
237.62
238.73
239.85
240.97
242.09
243.22
244.35
245.49
246.63
247.77
248.92
250.08
251.23
252.39
253.56
254.73
255.9
257.08
258.27
259.45
260.64
261.84
263.04
264.24
265.45
266.67
267.88
269.1
270.33
271.56
272.8
274.04
275.28
276.53
277.78
279.03
280.29
281.56
282.82
284.09
285.37
286.64
287.92
289.21
290.49
291.78
293.07
294.37
295.67
296.97
298.28
299.58
300.9
302.21
303.53
304.85
306.17
307.5
308.83
310.16
311.49
312.83
314.17
315.52
316.87
318.22
319.57
320.93
322.29
323.65
325.02
326.38
327.76
329.13
330.51
331.89
333.27
334.66
336.05
337.45
338.84
340.24
341.64
343.05
344.46
345.87
347.29
348.71
350.13
351.55
352.98
354.41
355.84
357.28
358.72
360.17
361.61
363.06
364.52
365.97
367.43
368.9
370.36
371.83
373.3
374.78
376.26
377.74
379.23
380.72
382.21
383.7
385.2
386.7
388.21
389.72
391.23
392.75
394.26
395.79
397.31
398.84
400.37
401.91
403.45
404.99
406.53
408.08
409.64
411.19
412.75
414.31
415.88
417.45
419.02
420.6
422.18
423.76
425.35
426.94
428.53
430.13
431.73
433.34
434.94
436.55
438.17
439.79
441.41
443.03
444.66
446.3
447.93
449.57
451.22
452.86
454.51
456.17
457.82
459.49
461.15
462.82
464.49
466.17
467.85
469.53
471.22
472.91
474.6
476.3
478
479.71
481.42
483.13
484.84
486.56
488.29
490.02
491.75
493.48
495.22
496.96
498.71
500.46
502.21
503.97
505.72
507.48
509.25
511.01
512.78
514.55
516.33
518.1
519.88
521.66
523.45
525.23
527.02
528.81
530.61
532.4
534.2
536
537.81
539.61
541.42
543.23
545.04
546.85
548.67
550.49
552.31
554.14
555.96
557.79
559.62
561.45
563.29
565.13
566.97
568.81
570.65
572.5
574.35
576.2
578.05
579.91
581.77
583.63
585.49
587.35
589.22
591.09
592.96
594.84
596.71
598.59
600.47
602.36
604.24
606.13
608.02
609.91
611.81
613.71
615.61
617.51
619.41
621.32
623.23
625.14
627.05
628.97
630.89
632.81
634.73
636.66
638.59
640.52
642.45
644.38
646.32
648.26
650.2
652.15
654.09
656.04
658
659.95
661.91
663.87
665.83
667.79
669.76
671.72
673.7
675.67
677.64
679.62
681.6
683.59
685.57
687.56
689.55
691.54
693.54
695.53
697.53
699.54
701.54
703.55
705.56
707.57
709.58
711.6
713.62
715.64
717.67
719.69
721.72
723.75
725.79
727.83
729.86
731.91
733.95
736
738.05
740.1
742.15
744.21
746.27
748.33
750.39
752.46
754.53
756.6
758.67
760.75
762.83
764.91
766.99
769.08
771.17
773.26
775.35
777.45
779.55
781.65
783.75
785.86
787.97
790.08
792.19
794.3
796.42
798.53
800.65
802.77
804.89
807.02
809.14
811.27
813.4
815.52
817.66
819.79
821.92
824.06
826.19
828.33
830.47
832.61
834.75
836.89
839.04
841.18
843.33
845.48
847.63
849.78
851.93
854.08
856.24
858.39
860.55
862.71
864.87
867.03
869.19
871.35
873.52
875.68
877.85
880.02
882.19
884.36
886.53
888.71
890.88
893.06
895.23
897.41
899.59
901.77
903.96
906.14
908.33
910.51
912.7
914.89
917.08
919.27
921.46
923.66
925.85
928.05
930.25
932.45
934.65
936.85
939.05
941.26
943.46
945.67
947.88
950.09
952.3
954.51
956.72
958.94
961.15
963.37
965.59
967.81
970.03
972.25
974.47
976.7
978.92
981.15
983.38
985.61
987.84
990.07
992.31
994.54
996.78
999.02
1001.3
1003.5
1005.7
1008
1010.2
1012.5
1014.7
1017
1019.2
1021.5
1023.7
1026
1028.2
1030.5
1032.7
1035
1037.3
1039.5
1041.8
1044
1046.3
1048.6
1050.8
1053.1
1055.4
1057.6
1059.9
1062.2
1064.5
1066.7
1069
1071.3
1073.6
1075.9
1078.1
1080.4
1082.7
1085
1087.3
1089.6
1091.9
1094.2
1096.5
1098.8
1101.1
1103.3
1105.6
1107.9
1110.2
1112.5
1114.9
1117.2
1119.5
1121.8
1124.1
1126.4
1128.7
1131
1133.3
1135.6
1138
1140.3
1142.6
1144.9
1147.2
1149.6
1151.9
1154.2
1156.5
1158.9
1161.2
1163.5
1165.9
1168.2
1170.5
1172.8
1175.2
1177.5
1179.8
1182.2
1184.5
1186.8
1189.2
1191.5
1193.8
1196.2
1198.5
1200.8
1203.2
1205.5
1207.9
1210.2
1212.5
1214.9
1217.2
1219.6
1221.9
1224.2
1226.6
1228.9
1231.3
1233.6
1235.9
1238.3
1240.6
1243
1245.3
1247.7
1250
1252.4
1254.7
1257
1259.4
1261.7
1264.1
1266.4
1268.8
1271.1
1273.5
1275.8
1278.2
1280.5
1282.9
1285.2
1287.6
1289.9
1292.3
1294.6
1297
1299.3
1301.7
1304
1306.4
1308.8
1311.1
1313.5
1315.8
1318.2
1320.5
1322.9
1325.3
1327.6
1330
1332.3
1334.7
1337
1339.4
1341.8
1344.1
1346.5
1348.8
1351.2
1353.6
1355.9
1358.3
1360.7
1363
1365.4
1367.7
1370.1
1372.5
1374.8
1377.2
1379.6
1381.9
1384.3
1386.7
1389
1391.4
1393.8
1396.1
1398.5
1400.9
1403.3
1405.6
1408
1410.4
1412.7
1415.1
1417.5
1419.9
1422.2
1424.6
1427
1429.3
1431.7
1434.1
1436.5
1438.8
1441.2
1443.6
1446
1448.4
1450.7
1453.1
1455.5
1457.9
1460.2
1462.6
1465
1467.4
1469.8
1472.1
1474.5
1476.9
1479.3
1481.7
1484.1
1486.4
1488.8
1491.2
1493.6
1496
1498.4
1500.7
1503.1
1505.5
1507.9
1510.3
1512.7
1515.1
1517.4
1519.8
1522.2
1524.6
1527
1529.4
1531.8
1534.2
1536.6
1539
1541.3
1543.7
1546.1
1548.5
1550.9
1553.3
1555.7
1558.1
1560.5
1562.9
1565.3
1567.7
1570.1
1572.5
1574.9
1577.3
1579.7
1582.1
1584.5
1586.9
1589.3
1591.7
1594.1
1596.5
1598.9
1601.3
1603.7
1606.1
1608.5
1610.9
1613.3
1615.7
1618.1
1620.5
1622.9
1625.3
1627.7
1630.1
1632.5
1634.9
1637.3
1639.7
1642.1
1644.5
1646.9
1649.3
1651.7
1654.1
1656.5
1658.9
1661.3
1663.7
1666.1
1668.5
1670.9
1673.3
1675.7
1678.1
1680.5
1682.9
1685.3
1687.7
1690.1
1692.5
1694.9
1697.3
1699.7
1702.1
1704.5
1706.9
1709.3
1711.7
1714.1
1716.5
1718.9
1721.3
1723.7
1726.1
1728.4
1730.8
1733.2
1735.6
1738
1740.4
1742.8
1745.2
1747.6
1750
1752.4
1754.8
1757.2
1759.6
1761.9
1764.3
1766.7
1769.1
1771.5
1773.9
1776.3
1778.7
1781.1
1783.5
1785.8
1788.2
1790.6
1793
1795.4
1797.8
1800.2
1802.6
1805
1807.3
1809.7
1812.1
1814.5
1816.9
1819.3
1821.7
1824
1826.4
1828.8
1831.2
1833.6
1836
1838.3
1840.7
1843.1
1845.5
1847.9
1850.3
1852.6
1855
1857.4
1859.8
1862.2
1864.6
1866.9
1869.3
1871.7
1874.1
1876.5
1878.8
1881.2
1883.6
1886
1888.4
1890.7
1893.1
1895.5
1897.9
1900.3
1902.6
1905
1907.4
1909.8
1912.1
1914.5
1916.9
1919.3
1921.6
1924
1926.4
1928.8
1931.1
1933.5
1935.9
1938.3
1940.6
1943
1945.4
1947.8
1950.1
1952.5
1954.9
1957.3
1959.6
1962
1964.4
1966.7
1969.1
1971.5
1973.9
1976.2
1978.6
1981
1983.3
1985.7
1988.1
1990.5
1992.8
1995.2
1997.6
1999.9
2002.3
2004.7
2007
2009.4
2011.8
2014.1
2016.5
2018.9
2021.2
2023.6
2026
2028.3
2030.7
2033.1
2035.4
2037.8
2040.2
2042.5
2044.9
2047.3
2049.6
2052
2054.3
2056.7
2059.1
2061.4
2063.8
2066.2
2068.5
2070.9
2073.2
2075.6
2078
2080.3
2082.7
2085.1
2087.4
2089.8
2092.1
2094.5
2096.9
2099.2
2101.6
2103.9
2106.3
2108.6
2111
2113.4
2115.7
2118.1
2120.4
2122.8
2125.2
2127.5
2129.9
2132.2
2134.6
2136.9
2139.3
2141.6
2144
2146.4
2148.7
2151.1
2153.4
2155.8
2158.1
2160.5
2162.8
2165.2
2167.5
2169.9
2172.2
2174.6
2177
2179.3
2181.7
2184
2186.4
2188.7
2191.1
2193.4
2195.8
2198.1
2200.5
2202.8
2205.2
2207.5
2209.9
2212.2
2214.6
2216.9
2219.3
2221.6
2224
2226.3
2228.6
2231
2233.3
2235.7
2238
2240.4
2242.7
2245.1
2247.4
2249.7
2252.1
2254.4
2256.8
2259.1
2261.4
2263.8
2266.1
2268.5
2270.8
2273.1
2275.5
2277.8
2280.1
2282.5
2284.8
2287.1
2289.5
2291.8
2294.1
2296.5
2298.8
2301.1
2303.5
2305.8
2308.1
2310.4
2312.8
2315.1
2317.4
2319.7
2322.1
2324.4
2326.7
2329
2331.4
2333.7
2336
2338.3
2340.6
2343
2345.3
2347.6
2349.9
2352.2
2354.6
2356.9
2359.2
2361.5
2363.8
2366.1
2368.4
2370.8
2373.1
2375.4
2377.7
2380
2382.3
2384.6
2386.9
2389.2
2391.5
2393.9
2396.2
2398.5
2400.8
2403.1
2405.4
2407.7
2410
2412.3
2414.6
2416.9
2419.2
2421.5
2423.8
2426.1
2428.4
2430.7
2433
2435.3
2437.6
2439.9
2442.2
2444.5
2446.8
2449.1
2451.4
2453.7
2456
2458.2
2460.5
2462.8
2465.1
2467.4
2469.7
2472
2474.3
2476.6
2478.8
2481.1
2483.4
2485.7
2488
2490.3
2492.6
2494.8
2497.1
2499.4
2501.7
2504
2506.3
2508.5
2510.8
2513.1
2515.4
2517.7
2519.9
2522.2
2524.5
2526.8
2529
2531.3
2533.6
2535.9
2538.1
2540.4
2542.7
2545
2547.2
2549.5
2551.8
2554
2556.3
2558.6
2560.8
2563.1
2565.4
2567.6
2569.9
2572.2
2574.4
2576.7
2579
2581.2
2583.5
2585.8
2588
2590.3
2592.5
2594.8
2597.1
2599.3
2601.6
2603.8
2606.1
2608.4
2610.6
2612.9
2615.1
2617.4
2619.6
2621.9
2624.1
2626.4
2628.7
2630.9
2633.2
2635.4
2637.7
2639.9
2642.2
2644.4
2646.7
2648.9
2651.2
2653.4
2655.6
2657.9
2660.1
2662.4
2664.6
2666.9
2669.1
2671.4
2673.6
2675.8
2678.1
2680.3
2682.6
2684.8
2687.1
2689.3
2691.5
2693.8
2696
2698.2
2700.5
2702.7
2705
2707.2
2709.4
2711.7
2713.9
2716.1
2718.4
2720.6
2722.8
2725.1
2727.3
2729.5
2731.7
2734
2736.2
2738.4
2740.7
2742.9
2745.1
2747.3
2749.6
2751.8
2754
2756.2
2758.5
2760.7
2762.9
2765.1
2767.4
2769.6
2771.8
2774
2776.2
2778.5
2780.7
2782.9
2785.1
2787.3
2789.6
2791.8
2794
2796.2
2798.4
2800.6
2802.9
2805.1
2807.3
2809.5
2811.7
2813.9
2816.1
2818.3
2820.6
2822.8
2825
2827.2
2829.4
2831.6
2833.8
2836
2838.2
2840.4
2842.6
2844.8
2847
2849.3
2851.5
2853.7
2855.9
2858.1
2860.3
2862.5
2864.7
2866.9
2869.1
2871.3
2873.5
2875.7
2877.9
2880.1
2882.3
2884.5
2886.7
2888.9
2891.1
2893.2
2895.4
2897.6
2899.8
2902
2904.2
2906.4
2908.6
2910.8
2913
2915.2
2917.4
2919.6
2921.7
2923.9
2926.1
2928.3
2930.5
2932.7
2934.9
2937.1
2939.2
2941.4
2943.6
2945.8
2948
2950.2
2952.3
2954.5
2956.7
2958.9
2961.1
2963.3
2965.4
2967.6
2969.8
2972
2974.2
2976.3
2978.5
2980.7
2982.9
2985
2987.2
2989.4
2991.6
2993.7
2995.9
2998.1
3000.3
3002.4
3004.6
3006.8
3008.9
3011.1
3013.3
3015.5
3017.6
3019.8
3022
3024.1
3026.3
3028.5
3030.6
3032.8
3035
3037.1
3039.3
3041.5
3043.6
3045.8
3048
3050.1
3052.3
3054.4
3056.6
3058.8
3060.9
3063.1
3065.2
3067.4
3069.5
3071.7
3073.9
3076
3078.2
3080.3
3082.5
3084.6
3086.8
3088.9
3091.1
3093.2
3095.4
3097.5
3099.7
3101.8
3104
3106.1
3108.3
3110.4
3112.5
3114.7
3116.8
3119
3121.1
3123.3
3125.4
3127.5
3129.7
3131.8
3134
3136.1
3138.2
3140.4
3142.5
3144.6
3146.8
3148.9
3151
3153.2
3155.3
3157.4
3159.6
3161.7
3163.8
3166
3168.1
3170.2
3172.3
3174.5
3176.6
3178.7
3180.8
3183
3185.1
3187.2
3189.3
3191.5
3193.6
3195.7
3197.8
3199.9
3202.1
3204.2
3206.3
3208.4
3210.5
3212.6
3214.8
3216.9
3219
3221.1
3223.2
3225.3
3227.4
3229.5
3231.7
3233.8
3235.9
3238
3240.1
3242.2
3244.3
3246.4
3248.5
3250.6
3252.7
3254.8
3256.9
3259
3261.1
3263.2
3265.3
3267.4
3269.5
3271.6
3273.7
3275.8
3277.9
3280
3282.1
3284.2
3286.3
3288.4
3290.5
3292.6
3294.7
3296.8
3298.9
3301
3303.1
3305.2
3307.2
3309.3
3311.4
3313.5
3315.6
3317.7
3319.8
3321.9
3323.9
3326
3328.1
3330.2
3332.3
3334.4
3336.4
3338.5
3340.6
3342.7
3344.8
3346.8
3348.9
3351
3353.1
3355.1
3357.2
3359.3
3361.4
3363.4
3365.5
3367.6
3369.7
3371.7
3373.8
3375.9
3378
3380
3382.1
3384.2
3386.2
3388.3
3390.4
3392.4
3394.5
3396.6
3398.6
3400.7
3402.8
3404.8
3406.9
3408.9
3411
3413.1
3415.1
3417.2
3419.2
3421.3
3423.4
3425.4
3427.5
3429.5
3431.6
3433.6
3435.7
3437.8
3439.8
3441.9
3443.9
3446
3448
3450.1
3452.1
3454.2
3456.2
3458.3
3460.3
3462.4
3464.4
3466.5
3468.5
3470.6
3472.6
3474.6
3476.7
3478.7
3480.8
3482.8
3484.9
3486.9
3489
3491
3493
3495.1
3497.1
3499.1
3501.2
3503.2
3505.3
3507.3
3509.3
3511.4
3513.4
3515.4
3517.5
3519.5
3521.5
3523.6
3525.6
3527.6
3529.7
3531.7
3533.7
3535.8
3537.8
3539.8
3541.8
3543.9
3545.9
3547.9
3550
3552
3554
3556
3558
3560.1
3562.1
3564.1
3566.1
3568.2
3570.2
3572.2
3574.2
3576.2
3578.3
3580.3
3582.3
3584.3
3586.3
3588.3
3590.4
3592.4
3594.4
3596.4
3598.4
3600.4
3602.4
3604.5
3606.5
3608.5
3610.5
3612.5
3614.5
3616.5
3618.5
3620.5
3622.5
3624.6
3626.6
3628.6
3630.6
3632.6
3634.6
3636.6
3638.6
3640.6
3642.6
3644.6
3646.6
3648.6
3650.6
3652.6
3654.6
3656.6
3658.6
3660.6
3662.6
3664.6
3666.6
3668.6
3670.6
3672.6
3674.6
3676.6
3678.6
3680.6
3682.6
3684.5
3686.5
3688.5
3690.5
3692.5
3694.5
3696.5
3698.5
3700.5
3702.5
3704.4
3706.4
3708.4
3710.4
3712.4
3714.4
3716.4
3718.3
3720.3
3722.3
3724.3
3726.3
3728.3
3730.2
3732.2
3734.2
3736.2
3738.2
3740.1
3742.1
3744.1
3746.1
3748.1
3750
3752
3754
3756
3757.9
3759.9
3761.9
3763.9
3765.8
3767.8
3769.8
3771.8
3773.7
3775.7
3777.7
3779.6
3781.6
3783.6
3785.5
3787.5
3789.5
3791.5
3793.4
3795.4
3797.4
3799.3
3801.3
3803.2
3805.2
3807.2
3809.1
3811.1
3813.1
3815
3817
3819
3820.9
3822.9
3824.8
3826.8
3828.7
3830.7
3832.7
3834.6
3836.6
3838.5
3840.5
3842.4
3844.4
3846.4
3848.3
3850.3
3852.2
3854.2
3856.1
3858.1
3860
3862
3863.9
3865.9
3867.8
3869.8
3871.7
3873.7
3875.6
3877.6
3879.5
3881.5
3883.4
3885.4
3887.3
3889.3
3891.2
3893.1
3895.1
3897
3899
3900.9
3902.9
3904.8
3906.7
3908.7
3910.6
3912.6
3914.5
3916.4
3918.4
3920.3
3922.3
3924.2
3926.1
3928.1
3930
3931.9
3933.9
3935.8
3937.7
3939.7
3941.6
3943.5
3945.5
3947.4
3949.3
3951.3
3953.2
3955.1
3957.1
3959
3960.9
3962.9
3964.8
3966.7
3968.6
3970.6
3972.5
3974.4
3976.3
3978.3
3980.2
3982.1
3984
3986
3987.9
3989.8
3991.7
3993.7
3995.6
3997.5
3999.4
4001.3
4003.3
4005.2
4007.1
4009
4010.9
4012.9
4014.8
4016.7
4018.6
4020.5
4022.4
4024.4
4026.3
4028.2
4030.1
4032
4033.9
4035.8
4037.8
4039.7
4041.6
4043.5
4045.4
4047.3
4049.2
4051.1
4053
4055
4056.9
4058.8
4060.7
4062.6
4064.5
4066.4
4068.3
4070.2
4072.1
4074
4075.9
4077.8
4079.7
4081.6
4083.5
4085.5
4087.4
4089.3
4091.2
4093.1
4095
4096.9
4098.8
4100.7
4102.6
4104.5
4106.4
4108.3
4110.2
4112.1
4113.9
4115.8
4117.7
4119.6
4121.5
4123.4
4125.3
4127.2
4129.1
4131
4132.9
4134.8
4136.7
4138.6
4140.5
4142.4
4144.2
4146.1
4148
4149.9
4151.8
4153.7
4155.6
4157.5
4159.4
4161.2
4163.1
4165
4166.9
4168.8
4170.7
4172.6
4174.4
4176.3
4178.2
4180.1
4182
4183.9
4185.7
4187.6
4189.5
4191.4
4193.3
4195.2
4197
4198.9
4200.8
4202.7
4204.6
4206.4
4208.3
4210.2
4212.1
4213.9
4215.8
4217.7
4219.6
4221.4
4223.3
4225.2
4227.1
4228.9
4230.8
4232.7
4234.6
4236.4
4238.3
4240.2
4242
4243.9
4245.8
4247.7
4249.5
4251.4
4253.3
4255.1
4257
4258.9
4260.7
4262.6
4264.5
4266.3
4268.2
4270.1
4271.9
4273.8
4275.7
4277.5
4279.4
4281.3
4283.1
4285
4286.8
4288.7
4290.6
4292.4
4294.3
4296.2
4298
4299.9
4301.7
4303.6
4305.5
4307.3
4309.2
4311
4312.9
4314.7
4316.6
4318.5
4320.3
4322.2
4324
4325.9
4327.7
4329.6
4331.4
4333.3
4335.1
4337
4338.8
4340.7
4342.5
4344.4
4346.2
4348.1
4349.9
4351.8
4353.6
4355.5
4357.3
4359.2
4361
4362.9
4364.7
4366.6
4368.4
4370.2
4372.1
4373.9
4375.8
4377.6
4379.5
4381.3
4383.1
4385
4386.8
4388.7
4390.5
4392.3
4394.2
4396
4397.9
4399.7
4401.5
4403.4
4405.2
4407
4408.9
4410.7
4412.5
4414.4
4416.2
4418
4419.9
4421.7
4423.5
4425.4
4427.2
4429
4430.9
4432.7
4434.5
4436.4
4438.2
4440
4441.8
4443.7
4445.5
4447.3
4449.1
4451
4452.8
4454.6
4456.4
4458.3
4460.1
4461.9
4463.7
4465.6
4467.4
4469.2
4471
4472.8
4474.7
4476.5
4478.3
4480.1
4481.9
4483.8
4485.6
4487.4
4489.2
4491
4492.9
4494.7
4496.5
4498.3
4500.1
4501.9
4503.7
4505.6
4507.4
